0.000000 165
2004.000000 169
2420.000000 1277
3593.000000 1279
3972.000000 1281
4345.000000 1280
4728.000000 1271
5103.000000 1275
5468.000000 1280
5831.000000 1284
6197.000000 1273
6582.000000 1291
6952.000000 1282
7324.000000 1268
7694.000000 1275
8061.000000 1280
8425.000000 1281
8804.000000 1280
9185.000000 1275
9564.000000 1287
9927.000000 1276
10307.000000 1279
10678.000000 1294
11026.000000 1281
11373.000000 1285
11760.000000 1286
12124.000000 1274
12505.000000 1280
12884.000000 1284
13273.000000 1274
13641.000000 1287
14028.000000 1281
14384.000000 1282
14776.000000 1281
15141.000000 1281
15500.000000 1279
15895.000000 1283
16282.000000 1275
16657.000000 1286
17038.000000 1031
17412.000000 160
17798.000000 162
18168.000000 159
18565.000000 162
18944.000000 160
19323.000000 159
19715.000000 159
20093.000000 161
20491.000000 1278
20867.000000 1272
21259.000000 1279
21624.000000 1280
22000.000000 1234
22361.000000 1285
22752.000000 1276
23137.000000 1276
24666.000000 162
25053.000000 160
26917.000000 1279
27294.000000 1273
27668.000000 1279
28051.000000 1278
28418.000000 1285
28780.000000 1284
29132.000000 1283
29498.000000 1284
29867.000000 1287
30258.000000 1274
30640.000000 1279
31014.000000 1287
31395.000000 1272
31757.000000 1282
32103.000000 1271
32463.000000 1285
32841.000000 1268
33194.000000 1287
33592.000000 1283
33955.000000 1278
34316.000000 1289
34688.000000 1266
35043.000000 1288
35411.000000 1286
35795.000000 1291
36184.000000 1284
36554.000000 1284
36932.000000 1285
37320.000000 1279
37688.000000 1277
38072.000000 1277
38453.000000 1274
38817.000000 1275
39204.000000 1275
39591.000000 1283
39964.000000 1280
40327.000000 1283
40697.000000 1282
41091.000000 1278
41497.000000 1283
41869.000000 1283
42252.000000 1276
42614.000000 1280
42980.000000 1285
43356.000000 163
43750.000000 1281
44117.000000 1280
44491.000000 1278
46736.000000 158
47105.000000 189
50174.000000 1239
50562.000000 1279
50934.000000 1280
51309.000000 1280
51674.000000 1281
52034.000000 1283
52424.000000 1278
52788.000000 1281
53177.000000 1279
53543.000000 1275
53894.000000 1283
54269.000000 1284
54643.000000 1280
55002.000000 1284
55360.000000 1280
55716.000000 1279
56081.000000 1282
56452.000000 1283
56828.000000 1278
57218.000000 1281
57574.000000 1278
57928.000000 1286
58311.000000 1280
58673.000000 1277
59058.000000 1281
59425.000000 1282
59813.000000 1281
60180.000000 1283
60542.000000 1281
60915.000000 1274
61308.000000 1281
61661.000000 1282
62030.000000 1281
62398.000000 1283
62757.000000 1284
63155.000000 1281
63534.000000 1278
63902.000000 1281
64276.000000 1285
64642.000000 1281
65020.000000 1279
65383.000000 1279
65747.000000 1278
66132.000000 1281
66495.000000 1279
66880.000000 1282
70328.000000 1185
70712.000000 5
76206.000000 106
77007.000000 115
77787.000000 1030
78195.000000 1578
78601.000000 1577
79000.000000 1571
79389.000000 1567
79774.000000 1576
80172.000000 1572
80559.000000 1572
80954.000000 1567
81345.000000 1572
81737.000000 145
82132.000000 141
82525.000000 144
82918.000000 144
83318.000000 143
83708.000000 144
84115.000000 143
84513.000000 143
84892.000000 143
85283.000000 142
85674.000000 142
86083.000000 144
86487.000000 144
86872.000000 144
87265.000000 142
87642.000000 143
88032.000000 141
88413.000000 143
88799.000000 143
89179.000000 143
89577.000000 142
89955.000000 142
90358.000000 142
90732.000000 142
91112.000000 144
91486.000000 142
91857.000000 144
92229.000000 140
92635.000000 142
93022.000000 140
93422.000000 142
93810.000000 144
94197.000000 144
94603.000000 142
94992.000000 142
95390.000000 1567
95788.000000 1575
96182.000000 1579
96567.000000 1573
96954.000000 1569
97346.000000 1571
97741.000000 1577
98135.000000 1573
98490.000000 1576
98856.000000 1586
99238.000000 1574
99610.000000 1574
99998.000000 1577
100376.000000 1593
100764.000000 1578
101125.000000 1580
101483.000000 1578
101854.000000 1573
102228.000000 1571
102590.000000 1580
102953.000000 1588
103323.000000 1572
103697.000000 1573
104097.000000 1578
104478.000000 1583
104831.000000 1596
105184.000000 1609
105546.000000 1600
105907.000000 1577
106272.000000 1598
106620.000000 1591
107009.000000 1587
107370.000000 1593
107748.000000 1588
108108.000000 1595
108472.000000 1593
108847.000000 1603
109207.000000 1579
115385.000000 975
115788.000000 1581
116179.000000 1578
116570.000000 1569
116946.000000 1582
117308.000000 1570
117695.000000 1577
118059.000000 1579
118441.000000 1585
118804.000000 1588
119163.000000 1584
119522.000000 1581
119903.000000 1584
120289.000000 1570
120677.000000 1572
121040.000000 1569
121439.000000 1581
121819.000000 1583
122221.000000 1573
122603.000000 1580
122963.000000 1579
123318.000000 1573
123727.000000 1583
124092.000000 1577
124454.000000 1578
124818.000000 1584
125215.000000 1590
125588.000000 1569
125992.000000 1584
126362.000000 1587
126732.000000 1586
127095.000000 1588
127439.000000 1586
127810.000000 1581
128163.000000 1576
128527.000000 1581
128889.000000 1581
129260.000000 1572
129637.000000 1581
130003.000000 1576
130352.000000 1578
135724.000000 111
136139.000000 139
136538.000000 1563
136917.000000 1565
137280.000000 1564
137693.000000 1562
138050.000000 1564
138427.000000 1558
138806.000000 1564
139180.000000 1563
139556.000000 1559
140700.000000 284
141071.000000 1563
141445.000000 1563
141818.000000 1566
142214.000000 1568
142609.000000 1566
142972.000000 1563
143337.000000 1568
143773.000000 1562
144120.000000 1571
144491.000000 1566
144862.000000 1569
145242.000000 1573
145602.000000 1572
145959.000000 1560
146321.000000 1569
146694.000000 1561
147099.000000 1568
147469.000000 1573
147842.000000 1562
148206.000000 1565
148587.000000 1572
148949.000000 1564
149329.000000 1572
149665.000000 1565
150033.000000 1567
150394.000000 1569
150746.000000 1565
151122.000000 1567
151486.000000 1562
151866.000000 1567
152223.000000 1564
152614.000000 1568
152971.000000 1563
153343.000000 1561
153715.000000 1567
154076.000000 1565
154464.000000 1562
154839.000000 1564
155205.000000 1564
155564.000000 1562
155925.000000 1564
156301.000000 1564
156668.000000 1566
157043.000000 1563
157418.000000 1564
157787.000000 1562
158160.000000 1563
158539.000000 1568
158897.000000 1567
159258.000000 1568
159620.000000 1566
159992.000000 1568
160354.000000 143
160734.000000 1566
161105.000000 1557
161458.000000 1559
161828.000000 1566
162192.000000 1559
162578.000000 1566
162945.000000 1570
163335.000000 1560
163729.000000 1563
164112.000000 1568
164504.000000 1568
164881.000000 1562
165255.000000 1569
165627.000000 1567
166002.000000 1560
166380.000000 1555
166753.000000 1574
167114.000000 1566
167481.000000 1567
167881.000000 1562
168263.000000 1564
168624.000000 1579
169015.000000 1567
169411.000000 1559
169776.000000 1566
170174.000000 1565
170552.000000 1564
170954.000000 1568
171339.000000 1560
171716.000000 1572
172090.000000 1567
173589.000000 942
173962.000000 1570
174328.000000 1572
174740.000000 1574
175111.000000 1568
175480.000000 142
176575.000000 1571
176950.000000 1434
177319.000000 1424
177674.000000 1429
178047.000000 1430
178434.000000 1429
178825.000000 1427
179213.000000 1424
179597.000000 1429
179970.000000 1429
180332.000000 1434
180715.000000 1438
181091.000000 1436
181445.000000 1429
181807.000000 1427
182205.000000 1433
182589.000000 1433
184848.000000 145
186715.000000 110
188286.000000 143
188661.000000 1420
189031.000000 1572
189410.000000 1575
189783.000000 1571
190146.000000 1579
190531.000000 1566
190922.000000 1576
191296.000000 1588
191663.000000 1575
192050.000000 1577
192423.000000 1579
192789.000000 1575
193160.000000 1574
193525.000000 1571
193912.000000 1580
194279.000000 1569
194653.000000 1576
195029.000000 1595
195409.000000 147
195799.000000 145
196158.000000 146
196529.000000 145
196915.000000 141
197295.000000 1583
197669.000000 1579
198052.000000 1575
198436.000000 1579
198794.000000 1575
199173.000000 1573
199540.000000 1573
199931.000000 1584
200338.000000 1574
200716.000000 1576
201084.000000 1580
201485.000000 1576
201869.000000 1572
203955.000000 145
204337.000000 1571
204699.000000 1566
205076.000000 1570
205455.000000 1576
205834.000000 1572
206206.000000 1572
206582.000000 1566
206953.000000 1570
207328.000000 1572
207705.000000 1577
208078.000000 1567
208443.000000 1571
208798.000000 1569
209157.000000 1571
209537.000000 1570
209900.000000 1568
210282.000000 1571
210655.000000 1571
211022.000000 1574
211388.000000 1572
211758.000000 1566
213256.000000 1573
213643.000000 1575
214016.000000 1565
214370.000000 1570
214750.000000 1567
215118.000000 1568
215484.000000 1568
215852.000000 1576
216221.000000 1575
216585.000000 1567
216938.000000 1571
217295.000000 1574
217671.000000 1572
218058.000000 1572
218422.000000 1559
218818.000000 1572
219197.000000 1580
219600.000000 1572
219964.000000 1582
220355.000000 1568
220722.000000 1575
221105.000000 1568
221462.000000 1565
221822.000000 1567
222214.000000 1564
222607.000000 1567
222966.000000 1559
223319.000000 1564
223708.000000 1564
224076.000000 1556
224452.000000 1564
224825.000000 1560
225207.000000 1568
225572.000000 1562
225948.000000 1556
226323.000000 1564
226705.000000 1560
227072.000000 1565
227441.000000 1560
227831.000000 1559
228205.000000 1567
228586.000000 1567
228936.000000 1565
229315.000000 1564
229675.000000 1569
230042.000000 1562
230414.000000 1566
230791.000000 1562
231168.000000 1566
231541.000000 1570
231917.000000 1565
232299.000000 1573
233427.000000 722
233809.000000 1467
234192.000000 1577
234549.000000 1569
234945.000000 1566
235327.000000 1579
235679.000000 1568
236031.000000 1567
236401.000000 1571
236753.000000 1567
237126.000000 1567
237520.000000 1576
237927.000000 1569
238307.000000 1566
238686.000000 1572
239053.000000 1569
239424.000000 1565
239794.000000 1570
240166.000000 1572
240568.000000 1570
240953.000000 1569
241332.000000 1568
241723.000000 1571
242092.000000 1573
242454.000000 1570
242830.000000 1571
243575.000000 414
243948.000000 1568
244336.000000 1562
244713.000000 1557
245082.000000 1574
245468.000000 1564
245868.000000 1577
246253.000000 1565
246639.000000 1563
247037.000000 1567
247414.000000 1564
247800.000000 1562
248197.000000 1563
248581.000000 1568
248975.000000 1566
249366.000000 1566
249737.000000 1558
250110.000000 1565
250473.000000 1567
250873.000000 1569
251253.000000 1565
251632.000000 1571
252006.000000 1567
252371.000000 1573
252746.000000 1568
253125.000000 1567
253896.000000 977
254273.000000 1562
254640.000000 1562
255021.000000 1567
255400.000000 1566
255764.000000 1562
256145.000000 1571
256514.000000 1570
258420.000000 907
258807.000000 1566
259179.000000 1560
259540.000000 1568
259914.000000 1566
260283.000000 1569
260643.000000 1566
261015.000000 1573
261378.000000 1569
261737.000000 1566
262121.000000 1567
262520.000000 1566
262880.000000 1562
263285.000000 1573
263652.000000 1564
264048.000000 1569
264409.000000 1559
264786.000000 1562
265158.000000 1563
265554.000000 1569
265932.000000 1567
266294.000000 1568
266665.000000 1564
267034.000000 1565
267405.000000 1563
267767.000000 1564
268148.000000 1567
268512.000000 1567
268902.000000 1560
269295.000000 1566
269672.000000 1570
270092.000000 1564
270455.000000 1566
270845.000000 1558
271233.000000 1566
271607.000000 1562
271983.000000 1566
272362.000000 1563
272731.000000 1568
273110.000000 1564
273471.000000 1562
273833.000000 1563
274197.000000 1569
274568.000000 1571
275695.000000 142
277255.000000 336
277657.000000 1559
278047.000000 1565
278417.000000 1562
278792.000000 1564
279176.000000 1574
279548.000000 1569
279929.000000 1571
280309.000000 1569
280674.000000 1567
281055.000000 1571
281435.000000 1570
281822.000000 1575
282180.000000 1568
282562.000000 1570
282953.000000 1573
283348.000000 142
283722.000000 144
284091.000000 145
284462.000000 880
284851.000000 1572
285218.000000 1574
285598.000000 1571
285983.000000 1565
286350.000000 143
286725.000000 1543
287858.000000 657
288256.000000 1589
288619.000000 1568
288972.000000 1575
289339.000000 1576
289725.000000 1574
290102.000000 1574
290462.000000 1077
290837.000000 1578
291204.000000 1574
291575.000000 1580
291959.000000 1575
292326.000000 1574
292684.000000 1576
293060.000000 1576
293443.000000 1572
293822.000000 1570
294195.000000 1574
294598.000000 1574
294980.000000 1574
295357.000000 1582
295721.000000 1581
296093.000000 1571
296458.000000 1573
296838.000000 1580
297245.000000 1579
297621.000000 1575
297967.000000 1573
298333.000000 1578
298721.000000 1575
299080.000000 1577
299463.000000 189
302516.000000 145
302905.000000 1577
303269.000000 1573
303653.000000 1577
304018.000000 1578
304384.000000 1575
304761.000000 1577
305127.000000 1575
305497.000000 1572
305873.000000 1579
306255.000000 1570
306625.000000 1571
306980.000000 1570
307373.000000 1574
307759.000000 1575
308117.000000 1575
308484.000000 1574
308858.000000 1573
309221.000000 1572
309587.000000 1568
309972.000000 1576
310339.000000 1578
310735.000000 1580
311113.000000 1581
311496.000000 1573
311869.000000 1574
312237.000000 1568
312605.000000 1580
312972.000000 1575
313334.000000 1578
313708.000000 1573
314104.000000 1573
314480.000000 1569
314861.000000 1573
315217.000000 1584
315589.000000 1569
315950.000000 1576
316333.000000 1577
316699.000000 1572
317073.000000 1577
317453.000000 1573
317824.000000 1572
318183.000000 1565
318554.000000 1578
318917.000000 1573
319265.000000 1578
319655.000000 1574
320034.000000 1578
320417.000000 1579
320782.000000 1587
321166.000000 1580
321538.000000 1578
321900.000000 1579
322620.000000 1587
322988.000000 1577
323349.000000 1588
323722.000000 1572
324086.000000 1573
324453.000000 1583
324817.000000 1584
325199.000000 1571
325606.000000 1568
326011.000000 1577
326387.000000 1576
326748.000000 845
327869.000000 1575
328284.000000 1580
328633.000000 1584
329380.000000 144
329764.000000 1573
330471.000000 143
330829.000000 1573
331237.000000 1576
331618.000000 1570
331989.000000 1575
332360.000000 1573
332715.000000 1575
333073.000000 1573
333436.000000 1573
333811.000000 1582
334176.000000 1573
334537.000000 1571
334932.000000 1577
335288.000000 1567
335666.000000 1572
336041.000000 1575
336436.000000 1574
336800.000000 1577
337157.000000 1571
337524.000000 1572
337910.000000 1575
338283.000000 1575
338639.000000 1572
339032.000000 1571
339413.000000 1573
339814.000000 1572
340205.000000 1572
340555.000000 1573
340936.000000 1570
341296.000000 1575
341697.000000 1572
342068.000000 1573
342425.000000 1569
342795.000000 1569
343162.000000 1574
343540.000000 1572
343905.000000 1570
344659.000000 1572
345031.000000 1572
345397.000000 1567
345754.000000 1567
346133.000000 1569
346514.000000 1574
346889.000000 1572
347264.000000 1573
347640.000000 1571
348015.000000 1573
348373.000000 1572
348718.000000 1574
349073.000000 1566
349454.000000 1568
349840.000000 1571
350220.000000 1567
350591.000000 1570
350959.000000 1568
351339.000000 1570
351719.000000 1567
352093.000000 1566
352481.000000 1578
352841.000000 1568
353214.000000 1571
353596.000000 1569
353971.000000 1571
354351.000000 1571
354731.000000 1575
355124.000000 1576
355515.000000 1579
355896.000000 1572
356278.000000 1578
356649.000000 1573
357041.000000 1581
357399.000000 1577
357769.000000 1578
358133.000000 1568
358499.000000 1575
358873.000000 1573
359247.000000 1573
359627.000000 1571
360005.000000 1576
360377.000000 1575
360739.000000 1574
361110.000000 1577
361499.000000 1579
361873.000000 1573
362239.000000 1577
362612.000000 1575
362987.000000 1584
363362.000000 1578
363730.000000 1575
364452.000000 143
364838.000000 142
365209.000000 146
365613.000000 143
366012.000000 146
366380.000000 144
366756.000000 144
367124.000000 1335
367523.000000 1578
367891.000000 1572
368265.000000 1577
368628.000000 1578
369001.000000 1580
369376.000000 1577
369750.000000 1574
370126.000000 1578
370512.000000 1578
370886.000000 143
371612.000000 804
371993.000000 1577
372381.000000 1582
372753.000000 1582
373131.000000 1581
373499.000000 1584
373878.000000 1582
374258.000000 1581
374618.000000 1575
375005.000000 1573
375372.000000 1580
375744.000000 1571
376120.000000 1581
376507.000000 1580
376900.000000 1580
377263.000000 1577
377651.000000 1577
378025.000000 1571
378411.000000 1583
378796.000000 1576
379169.000000 1573
379542.000000 1588
379928.000000 1577
380307.000000 1580
380688.000000 1580
381071.000000 1580
381447.000000 1574
381812.000000 1581
382181.000000 1582
382558.000000 1579
382950.000000 1582
383323.000000 1580
383720.000000 1579
384091.000000 1575
384478.000000 1584
384850.000000 1577
385215.000000 1573
385562.000000 1580
385927.000000 1592
386313.000000 1573
386699.000000 1573
387084.000000 1581
388190.000000 195
388562.000000 1584
388941.000000 1577
389309.000000 1577
389682.000000 1573
390048.000000 1575
390420.000000 1576
390791.000000 1575
391165.000000 1585
391518.000000 1580
391892.000000 1581
392254.000000 1582
392611.000000 1581
392995.000000 1578
393360.000000 1580
393727.000000 1577
394104.000000 1576
394468.000000 1575
394828.000000 1588
395217.000000 1576
395589.000000 1581
395983.000000 1587
396346.000000 1576
396728.000000 1578
397100.000000 1577
397484.000000 1580
397865.000000 1581
398245.000000 1574
398627.000000 1578
399006.000000 1580
399366.000000 1576
399740.000000 1577
400122.000000 1576
400508.000000 1579
400900.000000 1570
401264.000000 1572
401666.000000 1582
402056.000000 1584
402435.000000 1576
402803.000000 1585
403166.000000 1579
403568.000000 1581
403939.000000 1580
404311.000000 1580
404671.000000 1571
405056.000000 1581
405435.000000 1575
405794.000000 1576
406160.000000 1576
406540.000000 1582
406940.000000 144
407334.000000 144
407710.000000 144
408084.000000 145
408474.000000 144
408840.000000 144
409216.000000 144
409585.000000 145
409966.000000 144
410340.000000 145
410707.000000 145
411079.000000 144
411443.000000 146
412176.000000 1583
413680.000000 78
415915.000000 1021
416332.000000 420
416694.000000 141
417066.000000 144
417432.000000 141
417802.000000 146
418166.000000 144
418547.000000 502
418941.000000 1546
419293.000000 1545
419665.000000 1541
420792.000000 1541
421180.000000 1540
421539.000000 1536
421930.000000 1541
422289.000000 1538
422680.000000 1537
423057.000000 1541
423432.000000 1545
423803.000000 1545
424169.000000 1539
424541.000000 1538
424915.000000 1540
425307.000000 1540
425693.000000 1540
426070.000000 1549
426456.000000 1555
426829.000000 1552
427208.000000 1543
427578.000000 1544
427948.000000 1533
428330.000000 1537
428719.000000 1543
429093.000000 1542
429466.000000 1540
429841.000000 1534
430225.000000 1542
430604.000000 1542
430980.000000 1534
431355.000000 1536
431730.000000 1552
432095.000000 1536
432454.000000 1539
432836.000000 1545
433211.000000 1541
433560.000000 1542
433940.000000 1541
434336.000000 1543
434703.000000 1536
435077.000000 1537
435451.000000 1548
435828.000000 1538
436201.000000 1544
436568.000000 1541
436944.000000 1542
437315.000000 1535
437703.000000 1542
440457.000000 1022
440823.000000 1541
441212.000000 1539
441610.000000 1542
441976.000000 1542
442362.000000 1542
442742.000000 1536
443101.000000 1540
443481.000000 1539
443865.000000 1543
444250.000000 1540
444630.000000 1535
445008.000000 1539
445359.000000 1542
445729.000000 1538
446094.000000 1547
446450.000000 1540
446803.000000 1541
447193.000000 1543
447570.000000 1539
447935.000000 1537
448295.000000 1546
448653.000000 140
449033.000000 1537
449372.000000 1549
449729.000000 1538
450082.000000 1545
450451.000000 1540
450822.000000 1536
451207.000000 1539
451572.000000 1539
451917.000000 1537
452278.000000 1542
452653.000000 1542
453007.000000 1539
453385.000000 1541
453736.000000 1540
454128.000000 1540
454490.000000 139
454861.000000 1544
455219.000000 1543
455595.000000 1537
455964.000000 1544
456340.000000 1543
456738.000000 1541
457103.000000 1540
457461.000000 1543
457860.000000 1539
458244.000000 1539
458607.000000 1544
458960.000000 1542
459329.000000 1541
459696.000000 1544
460078.000000 1541
461238.000000 687
461626.000000 1540
461997.000000 1386
462373.000000 189
462774.000000 1535
463133.000000 1544
463508.000000 1542
463863.000000 1540
464231.000000 1542
464592.000000 1540
464971.000000 1540
465344.000000 1539
465725.000000 1541
466101.000000 1544
466461.000000 1540
466829.000000 1537
467197.000000 1533
467558.000000 1542
467922.000000 1539
468296.000000 1540
468671.000000 1540
469054.000000 1540
469426.000000 1535
469803.000000 1542
470169.000000 1540
470562.000000 1540
470918.000000 1546
471306.000000 1540
471669.000000 1541
472044.000000 1536
472431.000000 1543
472803.000000 1537
473171.000000 1540
473545.000000 1540
473941.000000 1541
474347.000000 1540
474731.000000 1543
475126.000000 1537
475501.000000 1538
475883.000000 1541
476244.000000 1541
476620.000000 1536
477000.000000 1531
477382.000000 1540
477766.000000 1541
478151.000000 1541
478522.000000 1541
478896.000000 1538
479268.000000 1547
479646.000000 1537
480004.000000 1544
480372.000000 1545
480755.000000 1545
482306.000000 1175
482685.000000 1540
483061.000000 1538
483431.000000 1538
483814.000000 1541
484193.000000 1539
484554.000000 1538
484941.000000 1539
485312.000000 1535
485690.000000 1540
486062.000000 1544
486429.000000 1540
486822.000000 1539
487212.000000 1543
487583.000000 1542
487953.000000 1540
488315.000000 1546
488693.000000 1542
489064.000000 1544
489438.000000 1547
489806.000000 1539
490188.000000 1542
490545.000000 1544
490917.000000 1538
491283.000000 1542
491667.000000 1539
492030.000000 1540
492419.000000 1537
492805.000000 1545
493171.000000 1545
493549.000000 1539
493922.000000 1537
494288.000000 1537
494652.000000 1538
495024.000000 1543
495411.000000 1543
495780.000000 1545
496149.000000 1544
496513.000000 1540
496902.000000 1543
497298.000000 1540
497676.000000 1538
498056.000000 1542
498419.000000 1554
498781.000000 1545
499149.000000 1544
499521.000000 1540
499902.000000 1540
500275.000000 1541
500661.000000 1554
501036.000000 1549
505887.000000 1211
506265.000000 1541
506624.000000 1539
506993.000000 1539
507359.000000 1537
507735.000000 1540
508111.000000 1536
508465.000000 1540
508832.000000 1544
509208.000000 1541
509571.000000 1540
509947.000000 1545
510319.000000 1539
510689.000000 1549
511058.000000 1544
511440.000000 1542
511816.000000 1536
512189.000000 1537
512572.000000 1545
512959.000000 1548
513345.000000 1542
513719.000000 1551
514106.000000 1542
514474.000000 1543
514843.000000 1539
515206.000000 1542
515569.000000 1540
515922.000000 1538
516283.000000 1541
516660.000000 1536
517035.000000 1539
517395.000000 1539
517771.000000 1536
519247.000000 140
519619.000000 1544
520007.000000 1540
520391.000000 1543
520738.000000 1540
521103.000000 1552
521479.000000 1540
521851.000000 1543
522209.000000 1548
522585.000000 1550
522937.000000 1541
523318.000000 1542
523693.000000 1540
524062.000000 1541
524426.000000 1541
524791.000000 1536
525169.000000 1535
525525.000000 1540
525876.000000 1546
526241.000000 1550
528450.000000 1539
528845.000000 1540
529222.000000 1539
529583.000000 1541
529977.000000 1544
530335.000000 1536
530698.000000 1540
531073.000000 1545
531442.000000 1542
531801.000000 1540
532184.000000 1543
532544.000000 1542
532914.000000 1542
533288.000000 1537
533660.000000 1553
534014.000000 1542
534370.000000 1539
534723.000000 1543
535098.000000 1542
535483.000000 1538
535865.000000 1542
536240.000000 1544
536633.000000 1543
537008.000000 1542
537380.000000 1539
537748.000000 1538
538108.000000 1545
538464.000000 1541
538816.000000 1537
539170.000000 1540
539542.000000 1542
539920.000000 1550
540276.000000 1537
540651.000000 1537
541023.000000 1546
541380.000000 1546
541757.000000 1537
542110.000000 1540
542478.000000 1546
542848.000000 1548
543214.000000 1539
543560.000000 1540
543931.000000 1548
544302.000000 1544
544660.000000 1549
545037.000000 1545
545394.000000 139
545763.000000 142
546128.000000 144
546513.000000 141
546910.000000 142
547286.000000 142
547661.000000 143
548049.000000 1542
548439.000000 1544
549176.000000 1543
549561.000000 1538
549945.000000 1544
550316.000000 1543
553756.000000 184
554145.000000 1545
554506.000000 1547
554875.000000 1543
555238.000000 1544
555603.000000 1542
555958.000000 1537
556314.000000 1540
556660.000000 1541
557017.000000 1550
557377.000000 1541
557766.000000 1536
558136.000000 1535
558493.000000 1542
558880.000000 1541
559235.000000 1541
559592.000000 1545
559965.000000 1541
560338.000000 1540
560708.000000 1541
561067.000000 1542
561438.000000 1543
561809.000000 1543
562184.000000 1539
562552.000000 1544
562925.000000 1540
563310.000000 1546
563683.000000 1544
564070.000000 1541
564469.000000 1542
564862.000000 1541
565211.000000 1543
565590.000000 1539
565987.000000 1541
566371.000000 1538
566758.000000 1540
567122.000000 1543
567521.000000 1542
567887.000000 1548
568266.000000 1542
568635.000000 1539
568991.000000 1540
569368.000000 1544
569745.000000 1540
570121.000000 1539
570491.000000 1537
570858.000000 1540
571235.000000 1536
571617.000000 1536
571999.000000 1539
572363.000000 1540
572727.000000 1535
573459.000000 1530
573818.000000 1535
574175.000000 1540
574534.000000 1541
574923.000000 1533
575288.000000 1541
575643.000000 1542
576007.000000 1540
576372.000000 1544
576756.000000 1541
577131.000000 1538
577509.000000 1546
577864.000000 1544
578257.000000 1542
578626.000000 1544
579003.000000 1544
579382.000000 1542
579732.000000 1541
580104.000000 1541
580481.000000 1537
580879.000000 1542
581243.000000 1541
581629.000000 1549
581996.000000 1544
582377.000000 1543
582742.000000 1541
583113.000000 1547
583515.000000 1543
583894.000000 1539
584283.000000 1542
584663.000000 1543
585037.000000 1551
585424.000000 1544
585791.000000 1548
586151.000000 1541
586515.000000 1541
586891.000000 1541
587262.000000 1539
587619.000000 141
587973.000000 142
588348.000000 141
588720.000000 138
589123.000000 140
589521.000000 140
589884.000000 143
590250.000000 1541
590609.000000 1544
590987.000000 1544
591357.000000 1549
591744.000000 1544
592105.000000 1545
592488.000000 1545
594047.000000 138
594403.000000 1541
594766.000000 1542
595147.000000 1530
595522.000000 1542
595886.000000 1544
596260.000000 1544
596647.000000 1538
597012.000000 1541
597379.000000 1548
597738.000000 1548
598110.000000 1543
